12
15
29
39
42
43
44
53
55
56
57
59
67
72
75
77
84
86
87
90
93
102
122
125
133
137
143
151
163
168
172
173
182
184
190
203
204
205
221
235
236
250
253
255
264
265
267
288
302
307
309
319
325
327
329
331
332
336
340
348
352
356
359
367
368
371
373
378
380
403
404
407
408
411
418
419
425
452
454
461
467
470
474
475
476
477
478
479
492
497
505
508
512
517
526
533
545
546
554
558
561
562
567
582
585
592
594
595
598
599
614
615
618
626
636
637
651
654
656
660
662
674
677
679
682
698
710
711
715
717
718
720
723
726
734
739
741
746
755
756
760
763
768
776
784
795
807
825
837
839
843
850
853
860
861
866
868
874
879
884
889
896
899
900
901
905
907
926
933
935
936
937
940
944
946
947
949
954
957
964
965
966
974
975
976
978
982
983
994
1004
1011
1021
1026
1030
1033
1039
1040
1041
1044
1047
1057
1060
1061
1084
1085
1088
1089
1092
1093
1104
1109
1118
1121
1126
1128
1131
1132
1134
1143
1149
1155
1156
1164
1165
1167
1176
1180
1192
1194
1201
1212
1237
1245
1254
1256
1261
1263
1265
1269
1292
1294
1300
1313
1317
1322
1327
1329
1331
1333
1343
1354
1359
1366
1371
1373
1374
1381
1385
1397
1407
1412
1413
1414
1416
1417
1424
1435
1438
1448
1449
1455
1467
1471
1479
1482
1489
1497
1505
1519
1521
1524
1525
1527
1529
1532
1533
1536
1538
1545
1551
1558
1566
1572
1576
1583
1585
1589
1610
1623
1632
1637
1641
1642
1646
1649
1650
1653
1659
1662
1672
1685
1687
1690
1691
1692
1699
1700
1702
1704
1705
1708
1721
1724
1729
1730
1735
1737
1741
1747
1751
1759
1764
1771
1774
1778
1781
1783
1789
1791
1798
1801
1804
1809
1818
1823
1829
1836
1837
1840
1847
1858
1860
1861
1863
1864
1866
1867
1870
1877
1882
1885
1888
1896
1912
1913
1918
1921
1924
1935
1936
1945
1947
1948
1952
1955
1967
1970
1973
1977
1981
1989
1990
1991
1992
1994
1997
2002
2004
2009
2015
2018
2023
2024
2027
2028
2030
2032
2042
2055
2056
2059
2072
2089
2094
2096
2105
2129
2131
2135
2137
2146
2149
2155
2158
2170
2173
2179
2183
2188
2191
2196
2205
2207
2209
2213
2214
2215
2217
2230
2240
2249
2257
2271
2272
2279
2296
2305
2315
2316
2317
2319
2320
2325
2328
2329
2340
2346
2355
2359
2369
2374
2381
2382
2385
2390
2401
2402
2412
2413
2416
2425
2431
2436
2442
2451
2464
2470
2480
2481
2482
2484
2489
2490
2491
2493
2501
2503
2505
2509
2515
2516
2518
2520
2522
2524
2532
2536
2538
2556
2561
2576
2577
2582
2594
2598
2601
2619
2620
2625
2631
2636
2641
2649
2652
2653
2665
2669
2675
2679
2680
2685
2696
