6
11
14
16
18
20
24
34
36
38
49
63
64
68
74
89
92
97
103
105
106
110
112
115
116
120
121
134
149
160
161
162
164
165
175
178
181
183
185
188
192
193
195
196
198
202
210
220
227
229
245
246
254
268
271
273
277
282
283
297
304
306
313
315
317
334
335
342
343
345
354
357
360
361
385
389
415
427
432
436
441
457
458
462
463
486
488
498
506
511
518
525
531
534
542
548
549
552
555
556
571
575
578
589
591
597
602
606
612
630
631
638
645
649
664
665
667
675
680
683
684
688
690
692
695
701
702
705
708
709
725
728
731
747
749
769
772
778
781
789
800
811
819
822
827
833
836
842
848
849
852
857
859
862
871
872
875
876
892
898
909
911
916
917
934
938
941
945
955
956
958
977
980
988
995
1007
1013
1015
1022
1027
1032
1035
1036
1046
1063
1071
1079
1080
1082
1098
1107
1108
1112
1117
1119
1141
1147
1154
1168
1169
1174
1178
1186
1187
1195
1199
1200
1204
1209
1210
1220
1227
1228
1231
1235
1236
1239
1240
1246
1286
1287
1291
1293
1297
1302
1303
1305
1308
1309
1311
1316
1318
1335
1339
1344
1346
1347
1351
1352
1353
1358
1364
1368
1369
1376
1377
1393
1394
1404
1415
1423
1428
1436
1440
1441
1442
1446
1447
1452
1453
1462
1465
1468
1470
1473
1474
1480
1481
1483
1485
1498
1500
1504
1516
1526
1539
1541
1543
1549
1559
1563
1565
1571
1574
1577
1579
1584
1586
1601
1607
1612
1615
1618
1625
1626
1627
1628
1630
1635
1664
1673
1679
1695
1697
1710
1712
1726
1732
1733
1736
1742
1743
1744
1750
1756
1757
1761
1762
1769
1775
1780
1782
1787
1802
1803
1805
1815
1824
1827
1832
1834
1851
1854
1855
1862
1865
1872
1874
1878
1883
1889
1898
1904
1905
1906
1908
1916
1917
1919
1934
1940
1953
1957
1960
1961
1962
1963
1964
1966
1968
1971
1974
1978
1987
1996
2008
2010
2012
2013
2014
2029
2033
2041
2043
2047
2052
2061
2063
2064
2066
2067
2068
2082
2091
2097
2098
2100
2103
2106
2116
2123
2124
2134
2136
2138
2141
2152
2162
2167
2168
2175
2178
2184
2189
2194
2197
2200
2203
2204
2212
2226
2229
2231
2233
2235
2237
2238
2244
2250
2256
2264
2266
2278
2289
2290
2292
2295
2298
2300
2303
2318
2323
2327
2332
2333
2334
2337
2343
2349
2351
2356
2360
2361
2365
2370
2375
2384
2388
2389
2392
2395
2396
2407
2415
2429
2432
2438
2445
2450
2452
2456
2472
2476
2479
2485
2486
2487
2500
2504
2506
2507
2519
2525
2528
2529
2531
2535
2541
2543
2552
2553
2563
2564
2567
2570
2573
2574
2578
2584
2587
2596
2602
2611
2615
2617
2626
2637
2638
2644
2654
2658
2659
2668
2674
2677
2682
2684
2688
2689
2690
2693
2697
